0.000000000000000000e+00
6.213822380817528135e+00
1.959644993997564866e+00
4.276651230098325485e+00
1.000544756444971872e+00
3.335240485640646124e+00
4.156566932833028361e+00
5.566370203993344923e+00
6.055739045760106798e+00
5.641018632099965124e+00
6.776968702499214459e+00
1.192616844476366467e+01
6.117777001668464720e+00
1.217763327560856013e+01
5.623140301356153614e+00
1.324530875328809287e+01
8.993707789404755459e+00
8.652698642800835671e+00
8.196386144394903539e+00
1.066008661984460559e+01
1.139778650925760495e+01
