105 96 68
102 93 65
112 102 74
94 80 42
108 102 93
46 37 18
60 51 31
147 112 68
33 28 11
55 45 26
78 67 43
59 48 28
155 118 66
65 53 30
119 89 49
228 203 164
185 157 98
59 49 30
120 98 56
85 76 46
194 153 72
71 56 36
59 48 33
46 42 24
142 121 76
91 63 36
85 58 29
139 100 56
31 26 9
42 32 11
55 51 35
89 73 43
34 29 17
59 58 40
77 74 41
59 49 23
62 54 34
66 61 39
66 59 39
71 60 39
62 55 33
58 51 29
75 66 41
69 60 35
87 71 42
134 109 68
145 117 72
58 55 31
64 55 34
82 67 42
77 63 33
167 136 84
212 189 153
74 64 42
58 50 29
96 88 62
95 78 47
60 54 30
126 104 71
92 76 47
62 55 33
60 57 37
117 101 75
85 79 56
51 47 27
146 128 93
63 56 34
86 74 49
104 91 65
82 77 54
78 73 52
139 121 83
62 55 36
67 61 39
66 62 41
62 58 39
64 61 40
67 59 31
67 61 40
75 69 48
87 77 50
58 52 32
49 45 28
64 61 37
68 61 41
80 71 55
179 153 115
68 63 45
66 61 44
61 54 35
68 62 44
146 125 93
208 184 147
109 92 61
82 71 49
73 66 45
77 70 47
161 135 99
188 159 121
98 85 58
156 130 95
99 85 59
65 59 34
114 96 64
75 66 44
73 66 46
119 100 67
61 55 33
55 51 26
66 61 34
64 57 32
74 68 42
105 93 65
75 67 45
58 50 26
77 68 42
80 63 42
50 45 27
59 57 36
65 59 39
60 54 31
120 97 58
166 136 92
105 80 49
76 69 47
67 63 40
67 60 36
121 100 65
84 73 51
74 63 38
65 60 36
47 42 23
85 69 41
61 55 31
57 52 32
42 36 18
66 61 35
60 55 33
89 71 46
65 56 34
72 62 41
60 55 34
57 48 30
67 62 37
64 53 35
68 58 37
74 63 40
98 77 48
68 57 34
58 50 29
64 55 34
69 59 38
82 68 43
91 75 49
74 63 39
79 63 37
60 51 32
73 62 40
78 66 41
59 49 30
81 72 43
64 53 33
63 51 32
63 51 32
70 58 38
91 69 41
74 62 38
66 53 32
47 38 23
58 46 28
55 45 24
63 51 30
65 55 32
50 39 20
44 35 20
64 51 31
69 56 35
127 95 56
61 48 26
59 48 26
53 43 25
70 57 34
57 46 30
59 45 25
61 50 19
46 36 15
50 39 21
65 52 30
57 45 26
34 27 10
47 37 15
62 49 27
53 43 23
76 63 38
77 66 41
50 40 22
50 40 22
52 41 23
53 41 22
51 42 19
39 31 8
28 22 4
41 33 18
59 49 28
52 40 20
42 35 15
44 33 9
27 20 6
32 26 15
43 35 20
51 43 18
33 24 4
34 26 5
28 21 7
25 19 9
21 17 9
34 25 4
31 24 5
22 16 4
19 15 5
15 12 7
23 18 10
34 25 4
35 26 4
31 24 5
14 10 4
24 20 11
13 9 4
36 34 23
45 40 24
41 38 22
54 50 34
64 55 37
55 44 28
79 64 40
70 58 36
66 55 33
68 58 36
77 65 43
63 55 33
85 69 45
71 63 46
73 64 41
35 31 21
45 40 26
49 43 28
45 40 26
78 72 50
67 59 41
72 59 35
61 51 34
95 76 51
60 52 35
75 63 40
91 77 49
83 68 44
68 58 39
79 67 46
46 42 27
44 39 26
52 47 33
53 48 31
51 44 25
61 53 33
50 43 26
101 83 53
99 79 52
101 83 54
80 68 45
77 64 46
100 84 56
70 55 40
118 96 66
53 49 34
57 50 35
57 52 34
49 42 28
58 50 34
63 54 31
78 68 44
106 87 52
82 66 42
75 63 41
66 58 40
79 70 49
70 60 42
100 84 56
154 129 88
40 38 25
48 42 28
54 49 36
38 35 28
63 56 35
49 44 29
76 67 39
109 86 50
99 78 50
97 78 52
71 64 45
65 56 39
82 73 52
126 103 71
168 143 95
46 43 32
43 41 26
56 52 33
42 38 24
43 38 22
55 48 26
80 65 38
131 105 67
132 108 75
154 132 99
116 94 61
93 78 54
83 70 46
165 138 103
204 185 143
37 33 22
51 45 31
52 48 34
63 57 38
58 51 30
72 66 36
100 86 46
131 102 67
172 141 96
178 151 113
178 151 113
141 117 84
156 128 98
138 113 82
206 185 154
48 44 30
45 42 30
52 45 31
50 45 29
55 44 29
92 73 43
101 81 49
155 124 81
184 156 111
199 172 128
193 170 135
190 165 131
182 159 123
199 178 149
200 179 148
49 43 30
50 45 31
52 52 32
70 61 42
99 77 47
137 114 75
157 126 87
177 146 101
171 147 100
168 146 94
214 197 163
214 194 165
214 194 167
178 151 118
213 196 170
36 33 22
43 39 24
39 38 18
81 69 42
133 107 69
73 58 30
170 136 87
198 173 127
195 168 111
172 153 77
220 205 179
214 192 161
230 214 195
215 195 166
198 180 148
51 46 32
47 44 29
44 37 23
124 103 67
167 139 92
125 100 52
209 185 143
221 203 172
212 193 160
193 172 108
215 197 159
235 223 206
224 208 184
216 198 170
201 179 148
43 41 26
42 42 30
70 59 35
142 122 87
157 135 99
166 132 81
194 170 110
204 178 134
191 167 119
184 160 117
216 198 166
166 137 98
220 203 175
204 184 150
159 132 98
69 59 2
55 45 29
87 65 33
180 154 115
120 97 60
123 86 42
206 182 131
193 169 119
152 122 77
154 129 86
224 210 183
231 225 213
229 214 192
223 204 178
147 125 95
40 38 2
79 66 36
113 90 54
134 114 70
85 69 35
174 141 89
108 88 52
217 196 159
185 159 104
204 179 127
199 174 133
187 164 120
212 196 166
215 197 169
155 134 102
43 37 7
74 65 14
102 83 54
117 92 53
172 144 94
200 178 135
147 116 71
196 167 119
189 159 109
183 164 102
204 183 139
218 198 165
185 161 123
189 167 125
144 126 97
21 18 11
48 41 1
90 76 48
148 119 76
179 155 107
204 175 128
144 120 74
194 166 118
213 187 148
206 181 142
191 166 116
208 189 153
212 190 156
201 179 146
119 101 74
47 39 22
53 46 9
62 47 30
144 111 68
161 129 83
185 153 102
174 137 90
185 154 106
187 156 107
183 157 96
179 158 116
159 134 79
215 200 160
179 157 122
128 116 93
30 25 13
54 47 30
117 94 23
168 134 89
170 133 80
208 185 135
198 164 115
200 170 121
203 172 127
193 165 119
190 167 110
191 169 117
187 164 100
149 129 84
97 90 65
43 35 21
58 53 35
97 77 48
125 92 49
84 63 28
176 141 71
204 172 122
207 183 142
192 161 116
216 194 152
179 162 84
204 178 126
206 187 140
150 130 84
96 84 60
64 59 41
97 81 52
90 71 38
100 78 41
108 80 32
185 155 96
189 156 111
173 141 95
217 195 156
188 162 116
164 149 87
131 122 38
147 127 68
123 107 72
78 71 44
70 57 35
120 92 50
122 98 60
101 77 44
64 40 17
164 135 83
162 133 79
141 109 63
213 192 157
189 165 119
137 117 65
152 127 82
143 124 81
89 77 54
64 55 37
102 78 40
146 113 71
113 80 41
35 30 19
48 36 17
123 84 38
202 173 117
214 192 153
191 171 144
130 107 70
100 90 42
106 88 55
96 86 46
70 64 44
63 63 38
93 72 42
142 107 67
100 75 42
54 39 23
90 61 31
123 84 41
152 111 58
188 154 103
165 141 98
84 69 44
83 72 45
94 84 50
71 67 37
72 67 44
72 67 39
157 131 90
169 128 79
193 158 109
77 54 31
139 100 55
134 105 61
197 159 100
176 147 100
127 106 68
60 51 33
60 51 31
94 82 56
69 66 38
55 56 31
105 94 61
153 118 73
162 124 77
130 98 61
156 126 82
87 65 35
132 94 46
156 114 64
160 131 84
137 115 77
91 73 44
83 70 44
81 71 44
107 99 68
59 60 26
80 72 44
177 144 98
176 138 89
177 139 92
129 97 61
112 80 44
187 144 88
187 145 88
146 107 66
119 95 63
132 105 66
119 97 64
144 126 92
75 69 40
72 68 38
60 53 33
189 155 103
178 140 96
178 138 88
137 107 69
71 49 23
166 128 82
146 110 64
154 118 72
188 162 116
182 152 105
157 131 91
115 95 60
79 71 44
68 64 40
100 90 65
220 202 172
211 181 135
156 112 66
160 122 77
90 67 38
128 93 53
165 126 77
196 166 119
194 165 116
207 182 140
186 160 116
118 102 62
66 59 35
78 73 50
113 100 73
184 168 137
214 187 143
221 193 147
194 158 106
197 161 114
197 165 119
215 193 159
190 159 112
215 193 155
206 185 145
142 115 73
100 89 54
97 91 64
70 64 45
111 99 67
199 174 142
189 160 116
226 202 165
165 126 76
153 125 88
185 147 97
149 121 83
205 180 138
214 187 146
195 169 122
124 101 67
50 46 27
70 64 46
66 61 46
102 91 59
217 199 168
194 165 121
204 174 125
80 54 34
191 161 120
200 166 118
142 116 77
203 173 133
209 184 140
117 91 56
62 51 31
59 52 36
69 62 45
90 80 59
113 99 66
191 166 118
221 202 169
193 165 126
142 111 75
141 108 72
209 185 147
232 226 213
215 194 163
203 190 167
125 102 67
58 50 28
55 48 31
53 48 34
82 75 55
85 75 49
181 154 119
190 161 122
196 168 127
185 155 114
187 158 114
209 191 161
193 159 117
221 203 174
199 173 131
87 67 44
75 64 41
76 67 44
80 73 54
93 83 57
65 55 35
190 160 116
199 171 132
172 135 89
143 111 73
182 149 104
204 179 140
206 180 138
195 167 130
200 175 134
119 93 63
68 58 39
84 74 51
76 69 50
107 95 68
78 67 44
198 174 122
206 177 135
182 149 102
144 111 74
197 169 125
175 143 102
210 184 147
206 179 141
184 157 112
129 101 66
86 71 47
86 79 55
81 70 48
90 81 55
101 90 57
228 209 180
182 148 101
187 152 109
143 108 67
169 133 86
200 176 139
209 183 150
196 168 128
181 155 114
106 83 53
85 71 47
76 67 45
83 73 50
69 60 40
88 76 50
235 224 205
216 192 152
197 168 123
161 136 100
195 168 125
189 166 126
170 142 103
148 122 90
158 134 95
73 55 35
86 77 54
94 85 61
100 88 65
93 81 54
81 71 48
190 152 100
212 183 139
178 143 100
123 97 67
185 161 127
170 142 102
169 148 116
98 82 53
110 89 60
86 66 44
69 60 40
73 63 45
88 75 53
120 106 76
84 74 50
195 164 120
210 182 140
200 167 123
158 121 81
195 169 126
147 118 77
137 117 85
80 65 40
132 105 72
84 66 43
61 52 34
82 74 50
113 98 66
114 97 67
94 81 55
219 195 153
230 212 182
170 131 88
177 148 108
168 138 95
144 121 85
138 128 105
99 81 52
162 133 89
100 76 47
77 66 46
84 70 46
103 86 59
101 85 54
85 74 47
184 146 96
198 164 115
107 77 46
153 120 81
140 110 73
132 104 70
105 86 60
137 109 72
201 170 128
143 113 76
98 81 56
95 81 57
122 105 73
96 82 57
96 83 56
189 155 105
219 191 148
90 64 40
154 120 80
180 150 104
173 137 96
122 97 66
157 126 85
208 180 142
119 88 53
84 68 46
109 89 61
103 89 59
98 85 57
121 101 71
191 151 103
227 205 171
155 120 79
165 133 85
180 146 100
180 145 102
169 139 103
156 126 83
228 214 190
153 119 77
117 92 61
67 51 33
94 78 50
125 101 71
130 102 68
166 125 73
194 159 110
144 115 77
152 119 78
198 172 129
181 150 110
150 122 84
155 123 83
200 171 126
175 139 94
151 121 85
110 92 63
111 95 64
155 125 84
194 166 125
187 148 98
186 147 102
166 133 89
124 92 53
156 121 81
137 110 71
132 105 69
127 100 63
171 133 85
142 107 68
83 62 35
64 52 31
100 78 49
195 164 121
189 153 109
212 183 135
203 170 125
133 97 64
182 149 105
208 183 142
194 162 119
140 116 76
142 115 75
182 149 106
170 135 89
126 96 61
116 92 58
175 139 95
207 179 139
183 148 103
197 160 111
189 152 102
99 76 49
163 130 93
184 151 107
154 120 79
99 78 50
95 76 49
88 68 44
77 53 30
74 57 34
103 78 48
177 142 99
184 149 102
175 146 102
209 178 131
180 142 95
74 56 37
194 164 122
164 132 95
167 141 101
100 79 51
79 61 39
123 108 74
59 44 25
64 50 31
118 95 61
178 144 101
147 114 74
67 54 34
180 133 80
199 165 118
49 33 18
171 142 101
136 108 73
165 140 99
109 86 54
97 81 53
99 84 53
43 36 22
50 41 24
123 97 61
140 107 69
107 83 52
78 64 40
187 152 106
193 156 107
59 44 25
170 137 95
151 119 78
60 45 24
112 87 51
112 90 57
73 61 40
47 38 23
53 43 25
121 98 66
105 84 53
88 74 48
66 55 32
185 150 101
186 148 101
56 42 25
169 134 92
164 135 90
171 146 109
148 115 71
131 101 66
99 74 46
97 73 41
78 59 35
89 70 46
83 70 44
94 81 49
98 85 56
137 102 61
172 131 85
47 34 18
155 122 85
156 127 85
204 177 134
165 131 88
158 120 76
147 109 65
151 118 74
93 67 40
68 54 34
83 70 42
67 55 34
88 74 48
163 120 72
177 142 93
63 46 27
154 118 73
191 159 118
218 196 160
210 181 136
217 191 147
172 133 84
193 158 108
99 76 48
62 52 32
78 64 37
54 46 26
73 61 36
214 186 142
144 106 69
74 57 37
178 144 97
177 144 103
217 198 165
222 201 168
207 174 124
196 159 108
185 143 93
41 31 18
53 45 27
81 67 42
64 52 34
75 60 32
179 141 94
112 82 49
36 28 15
128 104 64
180 146 103
187 151 105
210 182 135
212 184 146
204 171 120
197 166 120
62 46 27
50 40 25
65 54 32
70 57 35
89 76 48
159 124 84
142 103 62
45 33 17
167 139 97
208 182 137
205 176 135
216 193 148
185 147 97
164 126 81
143 109 67
38 29 16
53 45 27
74 64 37
76 65 42
102 89 60
179 140 91
144 102 60
103 72 38
212 185 148
209 184 151
199 167 121
215 188 145
210 181 138
164 126 80
145 114 70
42 33 19
56 46 29
78 64 38
59 48 30
82 67 41
162 129 81
179 140 95
52 39 21
130 99 59
210 181 133
200 169 119
204 172 125
170 127 78
155 116 70
138 104 63
43 34 21
59 50 31
81 68 43
65 54 33
101 88 57
187 151 103
161 126 81
78 61 38
195 166 120
203 176 136
199 173 127
157 122 76
182 141 86
150 111 68
126 94 56
41 29 16
60 50 31
67 58 35
68 57 34
73 62 38
185 143 92
73 49 25
62 39 19
175 146 103
205 178 138
169 135 92
176 136 88
179 136 82
152 116 74
117 85 49
62 45 24
58 47 29
60 49 29
79 67 42
89 73 43
151 109 60
147 114 73
42 29 14
179 146 101
201 174 131
134 99 55
129 96 55
139 102 59
121 96 60
125 89 51
55 38 19
60 50 30
60 49 29
65 59 41
66 55 33
186 147 100
128 96 59
20 17 10
157 128 82
142 112 75
88 65 36
98 71 42
123 87 49
85 60 33
145 104 60
58 41 23
42 32 19
71 60 36
34 30 17
64 52 32
214 185 136
121 85 51
44 32 20
160 127 84
138 109 66
66 48 26
160 126 81
127 93 53
74 56 30
131 94 56
36 26 14
62 47 28
70 60 36
44 35 19
49 40 23
166 120 70
105 73 45
17 12 5
69 48 22
73 55 33
126 97 62
159 126 85
100 73 41
71 54 29
76 52 26
42 30 15
32 25 13
69 59 35
51 43 25
62 49 29
195 157 105
85 57 31
79 55 30
123 93 57
163 128 84
180 143 89
164 126 77
99 74 42
61 46 25
89 63 34
34 24 13
59 47 30
40 34 18
66 52 29
74 57 32